wavelength	spectrum
350	0.040865384
351	5.30E-02
352	7.53E-02
353	6.38E-02
354	0.051361121
355	4.22E-02
356	5.19E-02
357	5.97E-02
358	6.32E-02
359	0.057475533
360	3.76E-02
361	3.65E-02
362	6.37E-02
363	4.55E-02
364	4.53E-02
365	0.053039975
366	3.99E-02
367	4.40E-02
368	4.79E-02
369	0.037902758
370	0.052041333
371	6.33E-02
372	6.79E-02
373	5.71E-02
374	5.38E-02
375	5.31E-02
376	4.56E-02
377	4.77E-02
378	5.28E-02
379	0.05852595
380	5.76E-02
381	5.43E-02
382	4.97E-02
383	4.67E-02
384	5.48E-02
385	6.42E-02
386	6.27E-02
387	5.61E-02
388	5.28E-02
389	0.055235468
390	5.48E-02
391	0.05589667
392	5.72E-02
393	5.33E-02
394	5.34E-02
395	5.57E-02
396	5.93E-02
397	5.99E-02
398	0.061868493
399	6.56E-02
400	6.22E-02
401	6.01E-02
402	5.90E-02
403	5.86E-02
404	5.88E-02
405	5.87E-02
406	5.79E-02
407	0.059505783
408	0.063506044
409	6.85E-02
410	6.43E-02
411	6.29E-02
412	6.26E-02
413	6.15E-02
414	6.27E-02
415	6.45E-02
416	6.62E-02
417	6.53E-02
418	6.44E-02
419	6.42E-02
420	0.068631575
421	7.00E-02
422	6.89E-02
423	6.51E-02
424	6.51E-02
425	6.70E-02
426	7.03E-02
427	6.80E-02
428	6.85E-02
429	7.00E-02
430	6.83E-02
431	6.91E-02
432	7.01E-02
433	7.01E-02
434	7.01E-02
435	6.97E-02
436	6.92E-02
437	7.17E-02
438	0.073044665
439	0.073505312
440	7.32E-02
441	7.37E-02
442	7.44E-02
443	7.53E-02
444	7.49E-02
445	7.47E-02
446	0.074767642
447	7.55E-02
448	7.59E-02
449	7.64E-02
450	7.72E-02
451	7.69E-02
452	7.70E-02
453	7.77E-02
454	7.83E-02
455	7.91E-02
456	7.98E-02
457	7.92E-02
458	7.89E-02
459	7.96E-02
460	8.18E-02
461	8.12E-02
462	8.13E-02
463	8.23E-02
464	8.34E-02
465	8.33E-02
466	8.27E-02
467	8.31E-02
468	8.33E-02
469	8.29E-02
470	8.14E-02
471	8.23E-02
472	8.31E-02
473	8.38E-02
474	8.63E-02
475	8.60E-02
476	8.52E-02
477	8.65E-02
478	8.64E-02
479	8.67E-02
480	8.81E-02
481	0.087638721
482	8.75E-02
483	8.77E-02
484	8.93E-02
485	9.00E-02
486	8.98E-02
487	8.82E-02
488	8.96E-02
489	9.10E-02
490	9.18E-02
491	9.09E-02
492	9.18E-02
493	0.093109056
494	9.17E-02
495	9.20E-02
496	9.24E-02
497	9.24E-02
498	0.093687505
499	9.45E-02
500	9.47E-02
501	9.49E-02
502	0.095402829
503	9.59E-02
504	0.096212812
505	9.60E-02
506	0.095829964
507	9.59E-02
508	9.74E-02
509	9.82E-02
510	9.84E-02
511	9.88E-02
512	9.93E-02
513	9.99E-02
514	0.101123139
515	0.100509249
516	0.100623652
517	0.101726763
518	0.102097504
519	0.102931529
520	0.103804819
521	0.103780821
522	0.104152091
523	0.104616985
524	0.105061017
525	0.105728842
526	0.105987862
527	0.105997637
528	0.107391916
529	0.107681721
530	0.107738294
531	0.108650737
532	0.108878516
533	0.109187432
534	0.109800413
535	0.1103191
536	0.110839069
537	0.111407138
538	0.112263918
539	0.112435348
540	0.112674981
541	0.113660619
542	0.114231385
543	0.114662409
544	0.115000471
545	0.115387902
546	0.11597117
547	0.116627604
548	0.117090985
549	0.118127227
550	0.118807808
551	0.118545398
552	0.119234256
553	0.119648971
554	0.119778126
555	0.120481655
556	0.121350907
557	0.122150689
558	0.122479491
559	0.12280196
560	0.123126708
561	0.12345732
562	0.124077931
563	0.124653153
564	0.125139564
565	0.125329971
566	0.125996575
567	0.126697585
568	0.127020836
569	0.127334803
570	0.127936453
571	0.128871843
572	0.129188076
573	0.129724935
574	0.130337819
575	0.130646929
576	0.131253153
577	0.131760851
578	0.131905958
579	0.131821558
580	0.132054612
581	0.132612258
582	0.132942259
583	0.132900059
584	0.132809699
585	0.133245513
586	0.133791
587	0.134068385
588	0.133867666
589	0.134803668
590	0.135119408
591	0.135022566
592	0.136189684
593	0.136798292
594	0.137345165
595	0.13835004
596	0.138273433
597	0.138636276
598	0.139804095
599	0.14042896
600	0.140819922
601	0.141039282
602	0.141216338
603	0.141761646
604	0.142249614
605	0.142370731
606	0.142939076
607	0.143374488
608	0.143610939
609	0.143789724
610	0.144191042
611	0.144741863
612	0.14537698
613	0.145739317
614	0.145793885
615	0.145458117
616	0.146303803
617	0.147083431
618	0.147732481
619	0.148288727
620	0.148102909
621	0.147819623
622	0.14814803
623	0.147816882
624	0.14775911
625	0.148228943
626	0.149021626
627	0.149321809
628	0.149260223
629	0.149148747
630	0.149457246
631	0.149838999
632	0.150066018
633	0.150410727
634	0.151035517
635	0.151907504
636	0.151859596
637	0.151770458
638	0.151805863
639	0.152397022
640	0.152923286
641	0.15335311
642	0.153649822
643	0.15365617
644	0.154162854
645	0.155068606
646	0.155294746
647	0.155096471
648	0.154970214
649	0.155610681
650	0.155900538
651	0.156375423
652	0.157209471
653	0.157125682
654	0.157066703
655	0.157071233
656	0.157289907
657	0.158113942
658	0.158875912
659	0.159010097
660	0.159067422
661	0.159137234
662	0.159259811
663	0.160005838
664	0.16025117
665	0.160269335
666	0.160594136
667	0.161165312
668	0.161667943
669	0.161919668
670	0.16242753
671	0.162726685
672	0.162813008
673	0.162932083
674	0.163147271
675	0.163489252
676	0.164070204
677	0.163944349
678	0.16398409
679	0.164482147
680	0.164858922
681	0.165097564
682	0.165269211
683	0.165676326
684	0.166009098
685	0.166375443
686	0.166887298
687	0.167114124
688	0.16731137
689	0.167525187
690	0.167776719
691	0.168082803
692	0.168367654
693	0.168419972
694	0.168930247
695	0.169304475
696	0.169159278
697	0.169730023
698	0.170191094
699	0.170455873
700	0.170406163
701	0.170783803
702	0.171294555
703	0.171543419
704	0.172026157
705	0.172288835
706	0.172128886
707	0.172565147
708	0.173144773
709	0.173683286
710	0.173281834
711	0.173448101
712	0.173922434
713	0.17458877
714	0.174821153
715	0.174982473
716	0.175142407
717	0.175283134
718	0.175490782
719	0.175831273
720	0.176574111
721	0.176807284
722	0.176889315
723	0.176988438
724	0.177341759
725	0.177720755
726	0.178095967
727	0.178405508
728	0.17851764
729	0.178609028
730	0.178981826
731	0.179342777
732	0.179658055
733	0.179905072
734	0.180149436
735	0.180467233
736	0.180812985
737	0.180906937
738	0.181394041
739	0.181823969
740	0.181649789
741	0.181931198
742	0.182255432
743	0.182531416
744	0.182881922
745	0.183101118
746	0.183288589
747	0.183765277
748	0.184132323
749	0.184441224
750	0.184703872
751	0.185058832
752	0.185203671
753	0.185143486
754	0.185620338
755	0.185903385
756	0.186139733
757	0.186597258
758	0.186750636
759	0.186956957
760	0.187392041
761	0.187739789
762	0.187856406
763	0.187796474
764	0.187938958
765	0.188324079
766	0.188732728
767	0.188895136
768	0.189078376
769	0.189347774
770	0.189731061
771	0.190150455
772	0.190272763
773	0.190297186
774	0.190947428
775	0.191041797
776	0.191045344
777	0.191308677
778	0.191392019
779	0.191610128
780	0.192006856
781	0.19239752
782	0.192687452
783	0.192930505
784	0.193220273
785	0.193308279
786	0.193374395
787	0.193503872
788	0.193955198
789	0.194240078
790	0.194333494
791	0.194273248
792	0.194444984
793	0.194822341
794	0.195486575
795	0.195502877
796	0.195445687
797	0.195475817
798	0.195662364
799	0.195972413
800	0.196308881
801	0.196262389
802	0.196562156
803	0.196827888
804	0.196692497
805	0.196804449
806	0.197006062
807	0.197281271
808	0.197731271
809	0.197751269
810	0.197607249
811	0.19790715
812	0.198137209
813	0.198313087
814	0.198425964
815	0.198901534
816	0.198880702
817	0.198451579
818	0.19907923
819	0.199076012
820	0.198981091
821	0.199601173
822	0.199700564
823	0.199749276
824	0.199896455
825	0.199970037
826	0.200226218
827	0.200566426
828	0.200514168
829	0.200767145
830	0.200928926
831	0.200549915
832	0.200924546
833	0.201232791
834	0.201312602
835	0.201256365
836	0.201311335
837	0.201490343
838	0.201907367
839	0.201922879
840	0.20193021
841	0.202174395
842	0.202277333
843	0.202319682
844	0.202346206
845	0.202760488
846	0.202754498
847	0.2024443
848	0.201883495
849	0.202416241
850	0.202746272
851	0.202339873
852	0.202826202
853	0.202906832
854	0.202692568
855	0.202928603
856	0.203202516
857	0.203472868
858	0.203688458
859	0.203547001
860	0.203365624
861	0.203209102
862	0.203070983
863	0.203391507
864	0.203927219
865	0.203981891
866	0.203959495
867	0.203869924
868	0.203695759
869	0.204044089
870	0.20442985
871	0.20475015
872	0.204402193
873	0.204323038
874	0.204306498
875	0.203962654
876	0.204064384
877	0.204276308
878	0.204482898
879	0.204368487
880	0.204334453
881	0.204400286
882	0.204615042
883	0.204527721
884	0.20444411
885	0.204750925
886	0.204643443
887	0.204510003
888	0.204436049
889	0.203770071
890	0.203947455
891	0.204665318
892	0.205066696
893	0.204958543
894	0.204647824
895	0.204293743
896	0.20458059
897	0.204809681
898	0.204879284
899	0.204703808
900	0.20440957
901	0.204206049
902	0.204625025
903	0.204809532
904	0.204803646
905	0.204576328
906	0.204831436
907	0.204516634
908	0.203803152
909	0.204402551
910	0.204055354
911	0.203432918
912	0.203336298
913	0.204154924
914	0.204802915
915	0.204956889
916	0.204408288
917	0.204704538
918	0.20530507
919	0.203880221
920	0.204046458
921	0.204524651
922	0.204344586
923	0.20409964
924	0.204354063
925	0.205137461
926	0.204783604
927	0.204696044
928	0.204683736
929	0.204296947
930	0.203717738
931	0.203494236
932	0.204023957
933	0.204166502
934	0.204661503
935	0.205316201
936	0.203920588
937	0.204117298
938	0.20470418
939	0.204019189
940	0.203561068
941	0.203763008
942	0.204871908
943	0.205089569
944	0.204831555
945	0.204203978
946	0.203635991
947	0.203755766
948	0.204073533
949	0.204208493
950	0.204072833
951	0.204488143
952	0.205559283
953	0.204762667
954	0.203959838
955	0.203247115
956	0.202952012
957	0.204289272
958	0.205056474
959	0.20378311
960	0.203980058
961	0.204693481
962	0.205630645
963	0.204499066
964	0.203966051
965	0.20377782
966	0.203681827
967	0.203808561
968	0.204282224
969	0.205214709
970	0.203518748
971	0.203294426
972	0.204141259
973	0.203453436
974	0.203766078
975	0.204006299
976	0.202997133
977	0.203962147
978	0.204551846
979	0.204307482
980	0.205280468
981	0.205939814
982	0.205991954
983	0.204220548
984	0.205380559
985	0.206329376
986	0.204928994
987	0.205618471
988	0.205718592
989	0.204956248
990	0.203904614
991	0.205506518
992	0.207990423
993	0.208405137
994	0.207207635
995	0.206019178
996	0.205496207
997	0.206002787
998	0.205992401
999	0.205240443
1000	0.202606648
1001	0.177394345
1002	0.178436697
1003	0.178687558
1004	0.179091975
1005	0.178458557
1006	0.177915305
1007	0.178590044
1008	0.179307535
1009	0.17976068
1010	0.180600315
1011	0.180637658
1012	0.179534227
1013	0.179094523
1014	0.179562688
1015	0.179778382
1016	0.18000868
1017	0.180331171
1018	0.180480763
1019	0.180463165
1020	0.180519611
1021	0.180962384
1022	0.182346553
1023	0.183521122
1024	0.182536691
1025	0.180801541
1026	0.181520507
1027	0.184033141
1028	0.184592158
1029	0.183129415
1030	0.182754681
1031	0.183362052
1032	0.183205947
1033	0.18236272
1034	0.182077855
1035	0.183081612
1036	0.184128433
1037	0.183884725
1038	0.182873145
1039	0.182557449
1040	0.18344444
1041	0.184207857
1042	0.184037521
1043	0.183796361
1044	0.184799671
1045	0.186138585
1046	0.185451522
1047	0.183729172
1048	0.183103397
1049	0.183409318
1050	0.183925271
1051	0.184508473
1052	0.184985191
1053	0.184988365
1054	0.184939444
1055	0.184439197
1056	0.184492588
1057	0.185093671
1058	0.184585169
1059	0.184958458
1060	0.185731545
1061	0.185176611
1062	0.184131011
1063	0.184068784
1064	0.184680015
1065	0.18501842
1066	0.185269371
1067	0.185675666
1068	0.185739785
1069	0.186039597
1070	0.186786681
1071	0.187050939
1072	0.186957583
1073	0.186374977
1074	0.185760766
1075	0.185910493
1076	0.186294839
1077	0.186547861
1078	0.186756387
1079	0.187251747
1080	0.187805042
1081	0.187702209
1082	0.187229067
1083	0.187345207
1084	0.187775165
1085	0.18840681
1086	0.18895945
1087	0.188921198
1088	0.188888535
1089	0.188894734
1090	0.188999787
1091	0.18916291
1092	0.189166278
1093	0.189243868
1094	0.189580485
1095	0.189761683
1096	0.189113215
1097	0.188452095
1098	0.189127132
1099	0.189780816
1100	0.189206362
1101	0.188768953
1102	0.189093307
1103	0.189857185
1104	0.190647781
1105	0.191326588
1106	0.191702008
1107	0.1916143
1108	0.191467881
1109	0.191265777
1110	0.191263795
1111	0.191941738
1112	0.192553461
1113	0.193095446
1114	0.193955973
1115	0.193695083
1116	0.192483723
1117	0.192300424
1118	0.193303272
1119	0.194197819
1120	0.194619372
1121	0.194801703
1122	0.194836095
1123	0.194832414
1124	0.193610772
1125	0.19249402
1126	0.193571165
1127	0.194878131
1128	0.195090517
1129	0.195000574
1130	0.19520244
1131	0.195526734
1132	0.195215315
1133	0.194545731
1134	0.194390506
1135	0.194704473
1136	0.195164129
1137	0.195776075
1138	0.196160764
1139	0.196238533
1140	0.196265951
1141	0.195901528
1142	0.195576012
1143	0.195525289
1144	0.195467025
1145	0.19584401
1146	0.196203887
1147	0.196057603
1148	0.195967034
1149	0.196067587
1150	0.196114928
1151	0.196477532
1152	0.197136506
1153	0.197535068
1154	0.197580636
1155	0.197661161
1156	0.197829768
1157	0.197927952
1158	0.197619408
1159	0.197323501
1160	0.197573945
1161	0.197820053
1162	0.19775033
1163	0.197635561
1164	0.197656855
1165	0.197711781
1166	0.198219046
1167	0.198978201
1168	0.199174836
1169	0.198859781
1170	0.198826954
1171	0.199194238
1172	0.199551642
1173	0.199998572
1174	0.200416565
1175	0.200545341
1176	0.200651184
1177	0.200418502
1178	0.200191528
1179	0.200216204
1180	0.200314149
1181	0.200653613
1182	0.200977489
1183	0.200991184
1184	0.200904176
1185	0.201121122
1186	0.201474041
1187	0.201769754
1188	0.202125445
1189	0.202366143
1190	0.202269852
1191	0.202207997
1192	0.202389315
1193	0.202558875
1194	0.202587038
1195	0.202633858
1196	0.203226611
1197	0.203855827
1198	0.203844354
1199	0.203665361
1200	0.203827143
1201	0.204180256
1202	0.204412192
1203	0.204520226
1204	0.204590797
1205	0.204671636
1206	0.204865366
1207	0.205202863
1208	0.2054943
1209	0.205590889
1210	0.205573753
1211	0.205513462
1212	0.205563754
1213	0.205580309
1214	0.20552139
1215	0.205686823
1216	0.205979869
1217	0.206278354
1218	0.206441417
1219	0.206457451
1220	0.206574425
1221	0.206645191
1222	0.206579998
1223	0.206791192
1224	0.207174033
1225	0.207136557
1226	0.206937343
1227	0.207056046
1228	0.207354262
1229	0.20760493
1230	0.207837805
1231	0.208008513
1232	0.207912251
1233	0.207812086
1234	0.207782045
1235	0.207756117
1236	0.207883626
1237	0.208100811
1238	0.208440155
1239	0.208719745
1240	0.208802581
1241	0.208722502
1242	0.208777815
1243	0.209061697
1244	0.209188476
1245	0.209146664
1246	0.20915392
1247	0.209254891
1248	0.209356934
1249	0.209401861
1250	0.2094827
1251	0.209526613
1252	0.209530324
1253	0.209641963
1254	0.209804296
1255	0.209845498
1256	0.209815606
1257	0.209913686
1258	0.210123539
1259	0.210147023
1260	0.210075557
1261	0.210346267
1262	0.210645616
1263	0.210758299
1264	0.210877538
1265	0.210909575
1266	0.210794196
1267	0.210648999
1268	0.210516647
1269	0.210518271
1270	0.210802093
1271	0.211044729
1272	0.211052299
1273	0.211052477
1274	0.211204693
1275	0.211352795
1276	0.211193725
1277	0.210971355
1278	0.211166665
1279	0.211545497
1280	0.211604297
1281	0.211449623
1282	0.211511686
1283	0.21184665
1284	0.212250203
1285	0.212406203
1286	0.212261319
1287	0.212001503
1288	0.211799979
1289	0.211802199
1290	0.211788863
1291	0.211734697
1292	0.211843938
1293	0.211994305
1294	0.212006703
1295	0.211990535
1296	0.212046385
1297	0.212094635
1298	0.212126434
1299	0.212268218
1300	0.212450221
1301	0.212651357
1302	0.212855965
1303	0.212789074
1304	0.212576777
1305	0.212607503
1306	0.212784618
1307	0.212854803
1308	0.212865844
1309	0.213033304
1310	0.213363335
1311	0.213724077
1312	0.213783458
1313	0.213721886
1314	0.213657454
1315	0.213506773
1316	0.213536009
1317	0.213759169
1318	0.214132354
1319	0.2143877
1320	0.214407191
1321	0.214442283
1322	0.214562967
1323	0.214647427
1324	0.214620754
1325	0.214624539
1326	0.21475035
1327	0.21483621
1328	0.214820132
1329	0.21485056
1330	0.214973524
1331	0.215081617
1332	0.214961335
1333	0.214894444
1334	0.215068877
1335	0.215042651
1336	0.215101153
1337	0.215355203
1338	0.215475693
1339	0.215649545
1340	0.215614125
1341	0.215280786
1342	0.215273291
1343	0.215864241
1344	0.216295138
1345	0.216029808
1346	0.215735778
1347	0.21596995
1348	0.216317683
1349	0.216414645
1350	0.216439262
1351	0.216434613
1352	0.216377556
1353	0.216470644
1354	0.216613829
1355	0.216507405
1356	0.216376752
1357	0.21636261
1358	0.216515765
1359	0.216626182
1360	0.216539323
1361	0.216774777
1362	0.217057541
1363	0.216978848
1364	0.216844305
1365	0.21658127
1366	0.216223806
1367	0.216171339
1368	0.216393635
1369	0.216521338
1370	0.216339305
1371	0.216061994
1372	0.215954915
1373	0.215968609
1374	0.215917528
1375	0.215782106
1376	0.215566918
1377	0.215385169
1378	0.215395957
1379	0.215445042
1380	0.215324402
1381	0.215116724
1382	0.214965329
1383	0.214904726
1384	0.214771092
1385	0.214622036
1386	0.214510247
1387	0.214321062
1388	0.214116469
1389	0.213885561
1390	0.213500768
1391	0.213265926
1392	0.213321164
1393	0.213381022
1394	0.213411689
1395	0.213257387
1396	0.212763235
1397	0.212388441
1398	0.212362707
1399	0.212254867
1400	0.212038144
1401	0.212043315
1402	0.211945385
1403	0.211563766
1404	0.211288169
1405	0.211238444
1406	0.211148545
1407	0.210836351
1408	0.210587636
1409	0.210677087
1410	0.210661083
1411	0.210226595
1412	0.209900349
1413	0.209906295
1414	0.209912091
1415	0.210023433
1416	0.210181102
1417	0.210362032
1418	0.210563898
1419	0.210768357
1420	0.21102424
1421	0.211291388
1422	0.211475551
1423	0.211585656
1424	0.211811602
1425	0.211993545
1426	0.212153435
1427	0.212407693
1428	0.212379202
1429	0.212377965
1430	0.212659672
1431	0.212834954
1432	0.212979451
1433	0.21333994
1434	0.213757202
1435	0.21393317
1436	0.213835061
1437	0.2137312
1438	0.213729411
1439	0.213884979
1440	0.214189768
1441	0.214420244
1442	0.214571178
1443	0.214677706
1444	0.214518353
1445	0.214332759
1446	0.21445705
1447	0.214661866
1448	0.214706317
1449	0.214700371
1450	0.214689925
1451	0.214672327
1452	0.214740783
1453	0.214804098
1454	0.214820623
1455	0.214910865
1456	0.215066627
1457	0.215179741
1458	0.215212286
1459	0.215251654
1460	0.215311259
1461	0.215363085
1462	0.215318143
1463	0.21519345
1464	0.215126634
1465	0.215213373
1466	0.215362027
1467	0.215413406
1468	0.215512469
1469	0.215723798
1470	0.215773374
1471	0.215574473
1472	0.215449229
1473	0.215605766
1474	0.215780124
1475	0.215728909
1476	0.215785921
1477	0.216139436
1478	0.216263533
1479	0.216091871
1480	0.216027886
1481	0.216125742
1482	0.216222912
1483	0.216273904
1484	0.216399685
1485	0.216557488
1486	0.216549069
1487	0.21639353
1488	0.216321051
1489	0.216407955
1490	0.216539338
1491	0.216643915
1492	0.216648147
1493	0.216490701
1494	0.216436744
1495	0.216713965
1496	0.216956392
1497	0.216990784
1498	0.217002019
1499	0.217005
1500	0.217061877
1501	0.217429325
1502	0.217807546
1503	0.217589661
1504	0.217279971
1505	0.217308059
1506	0.217438921
1507	0.217509523
1508	0.21736142
1509	0.217387795
1510	0.217614681
1511	0.217732757
1512	0.21797052
1513	0.218165085
1514	0.218134195
1515	0.218173802
1516	0.218248293
1517	0.218044475
1518	0.21779108
1519	0.217811346
1520	0.217914015
1521	0.218049139
1522	0.218273669
1523	0.218338221
1524	0.218108758
1525	0.217831179
1526	0.217820033
1527	0.217977673
1528	0.218047991
1529	0.21805875
1530	0.218140423
1531	0.218213409
1532	0.218122527
1533	0.218117073
1534	0.218255639
1535	0.218288973
1536	0.218360096
1537	0.218467578
1538	0.218527034
1539	0.218492106
1540	0.218301773
1541	0.218271792
1542	0.218481556
1543	0.21864447
1544	0.21890609
1545	0.219037369
1546	0.218679905
1547	0.218542054
1548	0.218981624
1549	0.219306976
1550	0.219158232
1551	0.21901992
1552	0.219029292
1553	0.218948975
1554	0.21883072
1555	0.218830615
1556	0.21889922
1557	0.218863234
1558	0.218680933
1559	0.218670011
1560	0.219035596
1561	0.219273955
1562	0.219181612
1563	0.219076335
1564	0.218941748
1565	0.218888342
1566	0.219149336
1567	0.219335705
1568	0.2190146
1569	0.218679637
1570	0.218796059
1571	0.219009727
1572	0.219068781
1573	0.219073877
1574	0.219171092
1575	0.219274879
1576	0.219282001
1577	0.219296649
1578	0.219326451
1579	0.219317555
1580	0.21932146
1581	0.219357669
1582	0.219348729
1583	0.219327822
1584	0.219366834
1585	0.219413117
1586	0.219066828
1587	0.218704745
1588	0.218862683
1589	0.219039097
1590	0.219257608
1591	0.219515756
1592	0.219582468
1593	0.219561115
1594	0.219399244
1595	0.219288334
1596	0.219530433
1597	0.219820917
1598	0.219851866
1599	0.219833419
1600	0.220011026
1601	0.220139235
1602	0.219945446
1603	0.219816014
1604	0.220083177
1605	0.22036539
1606	0.22016871
1607	0.219932288
1608	0.220053419
1609	0.220178634
1610	0.21987614
1611	0.219571427
1612	0.219525814
1613	0.219445333
1614	0.219783336
1615	0.220222935
1616	0.220412448
1617	0.220554218
1618	0.220645308
1619	0.220740244
1620	0.220800549
1621	0.220846489
1622	0.220741823
1623	0.220648199
1624	0.220919237
1625	0.221184477
1626	0.221009851
1627	0.220828131
1628	0.220942408
1629	0.221055165
1630	0.221263751
1631	0.221516237
1632	0.221154302
1633	0.220669687
1634	0.220730543
1635	0.220919505
1636	0.221129298
1637	0.221289098
1638	0.221221462
1639	0.221141681
1640	0.221282825
1641	0.221460134
1642	0.221644044
1643	0.22184442
1644	0.221776411
1645	0.221671999
1646	0.221899971
1647	0.22214067
1648	0.221865535
1649	0.221586823
1650	0.221905127
1651	0.222197473
1652	0.222081453
1653	0.222019091
1654	0.222123906
1655	0.222160771
1656	0.221877307
1657	0.22163412
1658	0.221831545
1659	0.222017735
1660	0.221921667
1661	0.221834034
1662	0.221745118
1663	0.221663341
1664	0.221676588
1665	0.221709579
1666	0.221905202
1667	0.222049862
1668	0.222066641
1669	0.222106174
1670	0.222016066
1671	0.221909449
1672	0.221992657
1673	0.222104996
1674	0.222158358
1675	0.222195879
1676	0.222154498
1677	0.22200793
1678	0.221603751
1679	0.221431762
1680	0.222012967
1681	0.222481996
1682	0.222524107
1683	0.222458959
1684	0.222152725
1685	0.222005665
1686	0.222191378
1687	0.222277209
1688	0.222210526
1689	0.222268626
1690	0.222567499
1691	0.222695112
1692	0.222483993
1693	0.222361445
1694	0.222407401
1695	0.222361654
1696	0.222163171
1697	0.222192109
1698	0.222582996
1699	0.222609505
1700	0.222087979
1701	0.22200194
1702	0.222482264
1703	0.222672254
1704	0.222556755
1705	0.22261101
1706	0.222794697
1707	0.222834542
1708	0.222772703
1709	0.222792402
1710	0.22286959
1711	0.222987145
1712	0.223137528
1713	0.223079324
1714	0.222892031
1715	0.222946748
1716	0.223127633
1717	0.223252431
1718	0.223354936
1719	0.223358884
1720	0.223325893
1721	0.223198712
1722	0.223031178
1723	0.223172307
1724	0.223405614
1725	0.223443434
1726	0.223436892
1727	0.223365918
1728	0.223281175
1729	0.223805726
1730	0.224412158
1731	0.2237674
1732	0.223016426
1733	0.223451093
1734	0.223931193
1735	0.223357812
1736	0.222808972
1737	0.222905427
1738	0.223029673
1739	0.223445609
1740	0.223795325
1741	0.223672032
1742	0.223600104
1743	0.223778039
1744	0.223882928
1745	0.223729208
1746	0.223585799
1747	0.223441839
1748	0.22322005
1749	0.222829729
1750	0.22272341
1751	0.223191246
1752	0.223373502
1753	0.223081246
1754	0.223086581
1755	0.223493546
1756	0.223653361
1757	0.223519221
1758	0.223254889
1759	0.222878844
1760	0.222973228
1761	0.223447531
1762	0.223665997
1763	0.223703012
1764	0.223529324
1765	0.22324726
1766	0.223125458
1767	0.223075002
1768	0.223339394
1769	0.223701149
1770	0.223779365
1771	0.223800704
1772	0.223633721
1773	0.223423347
1774	0.223621741
1775	0.223876894
1776	0.223904729
1777	0.223900393
1778	0.223926216
1779	0.223918751
1780	0.223193541
1781	0.222666413
1782	0.223826915
1783	0.224692985
1784	0.224036545
1785	0.223505974
1786	0.223364234
1787	0.223268211
1788	0.223334447
1789	0.223516613
1790	0.223948613
1791	0.224201798
1792	0.224132955
1793	0.223948494
1794	0.223669231
1795	0.223584101
1796	0.223653406
1797	0.223549724
1798	0.223309278
1799	0.223147482
1800	0.223078519
1801	0.225714236
1802	0.226448119
1803	0.226935536
1804	0.226099476
1805	0.225198269
1806	0.224400923
1807	0.22351791
1808	0.223567531
1809	0.224308938
1810	0.225739002
1811	0.225943521
1812	0.224731281
1813	0.223794863
1814	0.223956421
1815	0.225741923
1816	0.227189839
1817	0.226155981
1818	0.224820122
1819	0.223555699
1820	0.222131923
1821	0.222151712
1822	0.223656312
1823	0.224400297
1824	0.224523827
1825	0.224833593
1826	0.225847691
1827	0.226357833
1828	0.225665152
1829	0.224970683
1830	0.225477234
1831	0.227067009
1832	0.22846514
1833	0.22731176
1834	0.2259361
1835	0.225318387
1836	0.22536613
1837	0.225262463
1838	0.225074172
1839	0.224938929
1840	0.224412069
1841	0.223941058
1842	0.225146875
1843	0.226353899
1844	0.224786893
1845	0.222296059
1846	0.222343653
1847	0.225405246
1848	0.227765128
1849	0.227212682
1850	0.226663232
1851	0.227475956
1852	0.228396311
1853	0.228705943
1854	0.228704765
1855	0.228219882
1856	0.226900578
1857	0.2257182
1858	0.225763723
1859	0.225809127
1860	0.22630015
1861	0.226861626
1862	0.226709932
1863	0.226058766
1864	0.226232231
1865	0.227545768
1866	0.228480831
1867	0.228439361
1868	0.228397951
1869	0.227445677
1870	0.226350427
1871	0.226152211
1872	0.226065978
1873	0.225557625
1874	0.225176439
1875	0.225028276
1876	0.22551471
1877	0.225995347
1878	0.225604296
1879	0.224891677
1880	0.223483667
1881	0.222532392
1882	0.22228241
1883	0.222207993
1884	0.222080454
1885	0.220697284
1886	0.219132945
1887	0.217337459
1888	0.21580705
1889	0.215714529
1890	0.215853527
1891	0.215296358
1892	0.213809982
1893	0.212690935
1894	0.212270722
1895	0.211429968
1896	0.209631234
1897	0.208234832
1898	0.207725272
1899	0.206762046
1900	0.207177743
1901	0.208194792
1902	0.208346426
1903	0.208938494
1904	0.209315643
1905	0.207415596
1906	0.204834417
1907	0.203548893
1908	0.202951223
1909	0.204256937
1910	0.205950797
1911	0.206410035
1912	0.206787929
1913	0.207455069
1914	0.207280383
1915	0.206611291
1916	0.20696789
1917	0.208198592
1918	0.207894444
1919	0.206596017
1920	0.205613717
1921	0.205280274
1922	0.205508724
1923	0.206138059
1924	0.206676349
1925	0.207228154
1926	0.207889974
1927	0.208138242
1928	0.208736241
1929	0.209498242
1930	0.20945482
1931	0.208982855
1932	0.208534703
1933	0.208599091
1934	0.209385261
1935	0.210239276
1936	0.210657299
1937	0.210606858
1938	0.209861234
1939	0.209695786
1940	0.210866913
1941	0.211340711
1942	0.211037159
1943	0.21090807
1944	0.210833833
1945	0.210635737
1946	0.211489007
1947	0.212954715
1948	0.212930739
1949	0.213392526
1950	0.213801429
1951	0.213733628
1952	0.213583395
1953	0.213259876
1954	0.212711141
1955	0.212547809
1956	0.213422105
1957	0.214545161
1958	0.214217842
1959	0.213815972
1960	0.214124873
1961	0.214546934
1962	0.215092301
1963	0.215751961
1964	0.216257796
1965	0.216394365
1966	0.216262832
1967	0.216262385
1968	0.216759861
1969	0.217811182
1970	0.218073785
1971	0.217393473
1972	0.216833189
1973	0.216716021
1974	0.217004329
1975	0.217643455
1976	0.218050405
1977	0.217366621
1978	0.21636349
1979	0.217083052
1980	0.218574956
1981	0.219574764
1982	0.22032617
1983	0.220929667
1984	0.220489502
1985	0.219330281
1986	0.218786716
1987	0.219632074
1988	0.22141014
1989	0.222414285
1990	0.222392976
1991	0.222285524
1992	0.222151324
1993	0.222454429
1994	0.222822443
1995	0.222826928
1996	0.222515419
1997	0.221936584
1998	0.221312463
1999	0.22037901
2000	0.219181821
2001	0.220068559
2002	0.221890122
2003	0.222596928
2004	0.223200604
2005	0.223314121
2006	0.222648203
2007	0.222499758
2008	0.223379612
2009	0.224058822
2010	0.224896282
2011	0.226039112
2012	0.225833222
2013	0.225477263
2014	0.225719392
2015	0.22553964
2016	0.225912184
2017	0.227576539
2018	0.228974
2019	0.228934661
2020	0.228474006
2021	0.227884218
2022	0.227592051
2023	0.227110684
2024	0.22611922
2025	0.225714058
2026	0.225894496
2027	0.22555387
2028	0.225195974
2029	0.225215778
2030	0.226490274
2031	0.228264987
2032	0.229819283
2033	0.23065953
2034	0.231106654
2035	0.231179044
2036	0.230931506
2037	0.229703233
2038	0.227900431
2039	0.228267714
2040	0.22905457
2041	0.229139507
2042	0.229071468
2043	0.228501022
2044	0.227323264
2045	0.227416828
2046	0.228514537
2047	0.227465555
2048	0.226848856
2049	0.227770403
2050	0.228585213
2051	0.229159951
2052	0.229101554
2053	0.228799358
2054	0.228871852
2055	0.229282096
2056	0.229747981
2057	0.23007147
2058	0.230586395
2059	0.231096298
2060	0.231439143
2061	0.231295511
2062	0.230514869
2063	0.228910893
2064	0.227955401
2065	0.228475079
2066	0.228923738
2067	0.229520991
2068	0.230476677
2069	0.230960101
2070	0.230550557
2071	0.231386781
2072	0.233633339
2073	0.234468907
2074	0.233734846
2075	0.23285383
2076	0.231602803
2077	0.230606899
2078	0.230836511
2079	0.231069252
2080	0.230182394
2081	0.229193181
2082	0.230253622
2083	0.231643125
2084	0.230868742
2085	0.229992405
2086	0.229472443
2087	0.228256658
2088	0.227881774
2089	0.229258567
2090	0.230639234
2091	0.231002614
2092	0.230810851
2093	0.231367737
2094	0.232558101
2095	0.233454153
2096	0.234297588
2097	0.235473737
2098	0.235005826
2099	0.233975813
2100	0.233396098
2101	0.233642131
2102	0.234823376
2103	0.235205844
2104	0.235452339
2105	0.236145973
2106	0.236531138
2107	0.2364057
2108	0.2344836
2109	0.231995746
2110	0.230685279
2111	0.230986074
2112	0.232787818
2113	0.234410942
2114	0.234488696
2115	0.234088138
2116	0.234278619
2117	0.23474218
2118	0.235452697
2119	0.234932393
2120	0.23404482
2121	0.233802959
2122	0.233792916
2123	0.233134091
2124	0.23261027
2125	0.234499246
2126	0.235876799
2127	0.235691905
2128	0.235726431
2129	0.235605538
2130	0.234920904
2131	0.233831078
2132	0.234151527
2133	0.235366851
2134	0.237120315
2135	0.238493711
2136	0.238466144
2137	0.237830862
2138	0.235512763
2139	0.233347669
2140	0.233581856
2141	0.234116986
2142	0.233692735
2143	0.232845664
2144	0.234012514
2145	0.235663727
2146	0.235824749
2147	0.234767362
2148	0.233927056
2149	0.233828694
2150	0.234041125
2151	0.235294819
2152	0.236647487
2153	0.236847237
2154	0.236556128
2155	0.236763865
2156	0.237765089
2157	0.238951325
2158	0.239439055
2159	0.238372907
2160	0.236773655
2161	0.235041857
2162	0.234118298
2163	0.234693199
2164	0.234341681
2165	0.233923525
2166	0.234795496
2167	0.23518756
2168	0.23334606
2169	0.23146756
2170	0.23081176
2171	0.230932325
2172	0.231474593
2173	0.231628612
2174	0.23191601
2175	0.231047109
2176	0.229830518
2177	0.229403272
2178	0.228787869
2179	0.229963511
2180	0.231846541
2181	0.232317805
2182	0.231989563
2183	0.230607942
2184	0.229617208
2185	0.229999527
2186	0.230144665
2187	0.229178578
2188	0.228900239
2189	0.228942841
2190	0.2278395
2191	0.226727679
2192	0.226931259
2193	0.227963075
2194	0.22765772
2195	0.227041423
2196	0.226060882
2197	0.225183293
2198	0.22575815
2199	0.225554958
2200	0.224169433
2201	0.223212481
2202	0.222379044
2203	0.221456081
2204	0.222981825
2205	0.225830063
2206	0.228224501
2207	0.229936436
2208	0.227219254
2209	0.223266408
2210	0.223319143
2211	0.22406885
2212	0.224872664
2213	0.226091072
2214	0.226315528
2215	0.225628585
2216	0.225280359
2217	0.223587453
2218	0.221403167
2219	0.221245065
2220	0.222192213
2221	0.223884404
2222	0.225350052
2223	0.226688862
2224	0.228302732
2225	0.229496315
2226	0.230138242
2227	0.228088886
2228	0.223427907
2229	0.22182253
2230	0.223404095
2231	0.224335194
2232	0.224354684
2233	0.224794954
2234	0.225265861
2235	0.22575821
2236	0.227246091
2237	0.228021353
2238	0.229102224
2239	0.230874479
2240	0.231200561
2241	0.230996743
2242	0.23207438
2243	0.23333627
2244	0.23229906
2245	0.230159312
2246	0.228371918
2247	0.226917922
2248	0.227104679
2249	0.228174433
2250	0.228128523
2251	0.229073793
2252	0.230842531
2253	0.231454194
2254	0.230020791
2255	0.226888508
2256	0.224934965
2257	0.224798024
2258	0.224669755
2259	0.225967884
2260	0.227499619
2261	0.227624059
2262	0.227838919
2263	0.227720931
2264	0.226389632
2265	0.224770889
2266	0.22442998
2267	0.226304248
2268	0.228828862
2269	0.229892194
2270	0.229845569
2271	0.230776697
2272	0.231899217
2273	0.231117949
2274	0.228275254
2275	0.224811658
2276	0.224834323
2277	0.227285847
2278	0.230107248
2279	0.23255536
2280	0.231874391
2281	0.230256155
2282	0.230175778
2283	0.229069486
2284	0.226110041
2285	0.225561976
2286	0.227636307
2287	0.229611099
2288	0.231577754
2289	0.232572958
2290	0.231460944
2291	0.229965657
2292	0.227906182
2293	0.225610033
2294	0.225954667
2295	0.228178754
2296	0.229624137
2297	0.230431437
2298	0.231287181
2299	0.231564268
2300	0.229895562
2301	0.227710262
2302	0.227468863
2303	0.228816405
2304	0.228893802
2305	0.227689996
2306	0.226699367
2307	0.226343825
2308	0.224805877
2309	0.223163322
2310	0.224092916
2311	0.224256814
2312	0.225705609
2313	0.228846028
2314	0.229100376
2315	0.227140933
2316	0.226008475
2317	0.228030846
2318	0.231753618
2319	0.233503729
2320	0.231430531
2321	0.226374611
2322	0.222184926
2323	0.222344145
2324	0.226427421
2325	0.231660798
2326	0.234909669
2327	0.234167948
2328	0.230305001
2329	0.226357847
2330	0.22613579
2331	0.230685055
2332	0.235794157
2333	0.235172093
2334	0.229259178
2335	0.225902811
2336	0.226596326
2337	0.227755263
2338	0.230471209
2339	0.232865468
2340	0.231506601
2341	0.230845168
2342	0.230809614
2343	0.228431389
2344	0.227937847
2345	0.224980056
2346	0.22063221
2347	0.222370476
2348	0.2237086
2349	0.223304391
2350	0.224501222
2351	0.224554062
2352	0.224542752
2353	0.229741678
2354	0.236405849
2355	0.236638263
2356	0.233133838
2357	0.229467303
2358	0.226738125
2359	0.228151858
2360	0.230623141
2361	0.230379239
2362	0.229322329
2363	0.227162778
2364	0.225628525
2365	0.227785215
2366	0.230254084
2367	0.23256442
2368	0.235110909
2369	0.234557107
2370	0.2308117
2371	0.227799356
2372	0.228840962
2373	0.230037197
2374	0.228440419
2375	0.229781523
2376	0.234205797
2377	0.237662509
2378	0.240816832
2379	0.239262223
2380	0.234196559
2381	0.228502005
2382	0.226277649
2383	0.229190931
2384	0.225994438
2385	0.215873256
2386	0.209298193
2387	0.21089907
2388	0.215578288
2389	0.220744953
2390	0.22597672
2391	0.226760387
2392	0.222087741
2393	0.220632643
2394	0.224582106
2395	0.227647573
2396	0.230031997
2397	0.227403924
2398	0.224403813
2399	0.227968737
2400	0.227359012
2401	0.22469151
2402	0.222746521
2403	0.219731882
2404	0.220734254
2405	0.222223178
2406	0.223948628
2407	0.22750546
2408	0.227014512
2409	0.223530367
2410	0.21914424
2411	0.216442332
2412	0.217836782
2413	0.21689184
2414	0.218841285
2415	0.224491835
2416	0.227165774
2417	0.228290856
2418	0.23105444
2419	0.235807449
2420	0.236880168
2421	0.238470271
2422	0.241196334
2423	0.238720149
2424	0.230512694
2425	0.222564638
2426	0.218630254
2427	0.21846354
2428	0.221002221
2429	0.221899569
2430	0.220360428
2431	0.218602657
2432	0.216157123
2433	0.212166652
2434	0.208226815
2435	0.206987947
2436	0.215785906
2437	0.22899732
2438	0.233078927
2439	0.228122815
2440	0.216992155
2441	0.213267446
2442	0.22998102
2443	0.24301824
2444	0.230974436
2445	0.213788286
2446	0.202096865
2447	0.198783338
2448	0.206450984
2449	0.208934695
2450	0.207354128
2451	0.206019744
2452	0.201142997
2453	0.201635212
2454	0.204475999
2455	0.204580083
2456	0.216462314
2457	0.230229646
2458	0.238263085
2459	0.24545832
2460	0.245183513
2461	0.241473585
2462	0.221650869
2463	0.200403661
2464	0.190854892
2465	0.182977408
2466	0.196146533
2467	0.219115689
2468	0.229566604
2469	0.224387988
2470	0.20185484
2471	0.189489976
2472	0.193489581
2473	0.195110619
2474	0.201652795
2475	0.211587653
2476	0.214708284
2477	0.212783724
2478	0.203714445
2479	0.197149009
2480	0.211294755
2481	0.226870835
2482	0.234284073
2483	0.236099392
2484	0.228767514
2485	0.229672939
2486	0.22926122
2487	0.224033073
2488	0.228764206
2489	0.231001303
2490	0.232693538
2491	0.237649247
2492	0.221801236
2493	0.205361977
2494	0.221150339
2495	0.233748525
2496	0.228498727
2497	0.230019405
2498	0.211197689
2499	0.188740835
2500	0.219016284
