wavelength	spectrum
350	5.41E-02
351	5.51E-02
352	6.78E-02
353	0.045878068
354	3.92E-02
355	4.58E-02
356	4.92E-02
357	5.39E-02
358	5.72E-02
359	5.55E-02
360	4.08E-02
361	3.68E-02
362	5.03E-02
363	4.55E-02
364	4.92E-02
365	5.56E-02
366	4.62E-02
367	3.92E-02
368	3.56E-02
369	3.70E-02
370	5.69E-02
371	0.064572699
372	5.72E-02
373	5.10E-02
374	4.84E-02
375	4.73E-02
376	4.45E-02
377	4.88E-02
378	5.31E-02
379	5.41E-02
380	5.02E-02
381	5.20E-02
382	5.79E-02
383	5.29E-02
384	5.34E-02
385	5.60E-02
386	5.71E-02
387	5.04E-02
388	4.97E-02
389	5.92E-02
390	5.25E-02
391	0.058092076
392	6.89E-02
393	6.22E-02
394	0.058635376
395	5.84E-02
396	6.27E-02
397	5.60E-02
398	5.53E-02
399	6.20E-02
400	5.89E-02
401	6.01E-02
402	6.30E-02
403	6.25E-02
404	5.97E-02
405	0.056685284
406	5.41E-02
407	5.46E-02
408	5.66E-02
409	0.059565831
410	5.93E-02
411	5.95E-02
412	5.96E-02
413	5.87E-02
414	5.92E-02
415	6.07E-02
416	6.33E-02
417	6.02E-02
418	5.84E-02
419	5.80E-02
420	6.10E-02
421	6.38E-02
422	6.48E-02
423	6.17E-02
424	6.28E-02
425	6.43E-02
426	6.56E-02
427	6.34E-02
428	6.38E-02
429	6.48E-02
430	0.062508188
431	6.43E-02
432	6.58E-02
433	6.45E-02
434	6.57E-02
435	0.06646575
436	6.67E-02
437	6.72E-02
438	6.75E-02
439	0.067775548
440	6.85E-02
441	6.90E-02
442	6.93E-02
443	6.93E-02
444	6.94E-02
445	6.96E-02
446	7.00E-02
447	7.02E-02
448	7.09E-02
449	7.18E-02
450	7.26E-02
451	7.20E-02
452	7.16E-02
453	7.18E-02
454	7.37E-02
455	7.36E-02
456	7.25E-02
457	7.30E-02
458	7.36E-02
459	7.43E-02
460	0.074944757
461	7.51E-02
462	7.59E-02
463	7.74E-02
464	7.85E-02
465	7.76E-02
466	7.59E-02
467	7.55E-02
468	7.61E-02
469	7.60E-02
470	0.074491523
471	7.70E-02
472	0.078566737
473	7.91E-02
474	7.94E-02
475	7.93E-02
476	7.89E-02
477	7.84E-02
478	7.92E-02
479	8.07E-02
480	8.28E-02
481	8.18E-02
482	8.11E-02
483	8.08E-02
484	8.13E-02
485	8.25E-02
486	8.30E-02
487	8.17E-02
488	8.18E-02
489	8.26E-02
490	8.40E-02
491	8.39E-02
492	8.39E-02
493	8.39E-02
494	8.33E-02
495	8.44E-02
496	8.57E-02
497	8.65E-02
498	8.70E-02
499	0.087356798
500	8.77E-02
501	0.088452123
502	0.08839874
503	8.82E-02
504	8.88E-02
505	8.89E-02
506	8.87E-02
507	8.82E-02
508	8.97E-02
509	9.06E-02
510	9.10E-02
511	9.13E-02
512	9.09E-02
513	9.10E-02
514	9.29E-02
515	9.20E-02
516	9.21E-02
517	9.35E-02
518	0.094233975
519	9.49E-02
520	9.53E-02
521	9.55E-02
522	9.58E-02
523	0.096087821
524	9.64E-02
525	9.74E-02
526	9.78E-02
527	9.79E-02
528	9.97E-02
529	9.95E-02
530	9.90E-02
531	9.98E-02
532	0.100033201
533	0.10030932
534	0.100895509
535	0.101085901
536	0.101589292
537	0.102319285
538	0.102979586
539	0.10339877
540	0.103770025
541	0.104243763
542	0.104941867
543	0.105347127
544	0.105390139
545	0.105546497
546	0.106247723
547	0.107165314
548	0.107585497
549	0.10810858
550	0.108506367
551	0.108625963
552	0.109178275
553	0.109526962
554	0.109706886
555	0.110579655
556	0.11138691
557	0.112162903
558	0.112951554
559	0.112681732
560	0.112570688
561	0.11303217
562	0.113531113
563	0.113923304
564	0.114267565
565	0.114872403
566	0.11551518
567	0.116065949
568	0.116360433
569	0.116606951
570	0.117164955
571	0.118096061
572	0.11859522
573	0.11872863
574	0.11871849
575	0.119137526
576	0.119936466
577	0.120591082
578	0.120747119
579	0.120696895
580	0.120920636
581	0.12139947
582	0.121340245
583	0.121269874
584	0.121273376
585	0.121551029
586	0.121959366
587	0.122355446
588	0.122678153
589	0.122985527
590	0.123306364
591	0.123725414
592	0.124786071
593	0.125186995
594	0.125503823
595	0.126335949
596	0.126626953
597	0.126930743
598	0.127372295
599	0.128223628
600	0.128784731
601	0.129098639
602	0.129191324
603	0.129501864
604	0.129927605
605	0.130441114
606	0.130674094
607	0.130905718
608	0.131178737
609	0.131656811
610	0.132005513
611	0.13235867
612	0.132985398
613	0.13314876
614	0.13318193
615	0.133191004
616	0.134094849
617	0.13479051
618	0.135251269
619	0.13568832
620	0.135679036
621	0.135465488
622	0.135233656
623	0.135174111
624	0.135347843
625	0.135798037
626	0.135794193
627	0.135788172
628	0.135874704
629	0.136452079
630	0.136848077
631	0.137098268
632	0.137173668
633	0.13727586
634	0.137720168
635	0.138498425
636	0.13844344
637	0.138673097
638	0.138977289
639	0.138940632
640	0.139635772
641	0.140296757
642	0.140574127
643	0.14048852
644	0.14071539
645	0.141233891
646	0.14161256
647	0.141566485
648	0.141440317
649	0.141650602
650	0.142172962
651	0.142712757
652	0.143192932
653	0.143608406
654	0.143603906
655	0.143383175
656	0.14371413
657	0.144242629
658	0.144729957
659	0.144966468
660	0.144943878
661	0.145059451
662	0.145376056
663	0.145671993
664	0.146049604
665	0.146405995
666	0.146482885
667	0.146843776
668	0.14714995
669	0.147210464
670	0.147861794
671	0.148128897
672	0.148068756
673	0.148805812
674	0.148911089
675	0.148905158
676	0.149484396
677	0.149488121
678	0.14954327
679	0.149848163
680	0.150195256
681	0.150586978
682	0.150937334
683	0.150830939
684	0.151377842
685	0.151937202
686	0.151947886
687	0.152229786
688	0.152559623
689	0.152891293
690	0.152983129
691	0.153196141
692	0.153440773
693	0.15349789
694	0.153790548
695	0.154145166
696	0.154486373
697	0.154851407
698	0.155063555
699	0.155113801
700	0.155057803
701	0.155489609
702	0.156020656
703	0.156087384
704	0.156745285
705	0.157199979
706	0.15713039
707	0.157186225
708	0.157576978
709	0.158142179
710	0.158095062
711	0.1582416
712	0.158479556
713	0.158750489
714	0.159242138
715	0.159500271
716	0.15942362
717	0.159486338
718	0.159746855
719	0.16011709
720	0.160396188
721	0.160669029
722	0.160898685
723	0.161046088
724	0.161680683
725	0.161953166
726	0.16184029
727	0.162198976
728	0.162351131
729	0.162483573
730	0.162917048
731	0.163157329
732	0.163316682
733	0.16342327
734	0.163926512
735	0.164159983
736	0.164182454
737	0.164429322
738	0.164914265
739	0.165301204
740	0.165152147
741	0.165524736
742	0.165820882
743	0.165898889
744	0.166353822
745	0.166547999
746	0.166611254
747	0.166917428
748	0.167178139
749	0.167469278
750	0.167857051
751	0.168038592
752	0.168175325
753	0.168309316
754	0.168774441
755	0.16909799
756	0.169374242
757	0.169764712
758	0.169674575
759	0.169676244
760	0.170053706
761	0.17036584
762	0.170653418
763	0.170918837
764	0.171153188
765	0.171404243
766	0.171625242
767	0.171738267
768	0.171859637
769	0.172107995
770	0.172530323
771	0.172674716
772	0.17286481
773	0.173085779
774	0.173293963
775	0.173411563
776	0.173547283
777	0.173798963
778	0.17397505
779	0.174195185
780	0.174477696
781	0.174786627
782	0.17514804
783	0.175463557
784	0.175486147
785	0.1753342
786	0.17535463
787	0.175773054
788	0.176136747
789	0.176384717
790	0.176498681
791	0.176347017
792	0.17652902
793	0.17684865
794	0.177104026
795	0.17740497
796	0.177528664
797	0.177380353
798	0.177488536
799	0.177854002
800	0.178260431
801	0.177787334
802	0.177988812
803	0.178440392
804	0.178856492
805	0.178699359
806	0.178774789
807	0.179212928
808	0.179450363
809	0.179608092
810	0.179698035
811	0.179708079
812	0.179943889
813	0.180116013
814	0.180039227
815	0.18004173
816	0.180092305
817	0.18020159
818	0.180489555
819	0.18069765
820	0.180883557
821	0.181124523
822	0.181224033
823	0.181295395
824	0.181371361
825	0.181709811
826	0.181952849
827	0.182074204
828	0.181939483
829	0.182097897
830	0.182226658
831	0.181980029
832	0.182316184
833	0.182566792
834	0.182593346
835	0.182357505
836	0.182662502
837	0.183202907
838	0.183207929
839	0.182990402
840	0.182917923
841	0.183272257
842	0.183117807
843	0.18315804
844	0.183435813
845	0.183640882
846	0.183873177
847	0.183980405
848	0.183611602
849	0.183802724
850	0.183957219
851	0.183841586
852	0.184103131
853	0.184070155
854	0.183873683
855	0.184299305
856	0.184456319
857	0.184570581
858	0.184876755
859	0.184584677
860	0.184180006
861	0.183770686
862	0.18402946
863	0.184482247
864	0.184966937
865	0.184952378
866	0.184897974
867	0.184782341
868	0.184568584
869	0.184440196
870	0.184780046
871	0.185549349
872	0.185535505
873	0.185122907
874	0.184653178
875	0.184804201
876	0.18492949
877	0.185106382
878	0.185379073
879	0.185327291
880	0.185223877
881	0.185128003
882	0.185365766
883	0.185019344
884	0.18478398
885	0.185590208
886	0.185411796
887	0.185053483
888	0.184695005
889	0.18479991
890	0.184976101
891	0.1852258
892	0.185595065
893	0.18539618
894	0.184991419
895	0.184582055
896	0.184841022
897	0.185050756
898	0.185132027
899	0.18536365
900	0.18510665
901	0.184699252
902	0.184841782
903	0.185147554
904	0.18532382
905	0.185197204
906	0.185473815
907	0.18523407
908	0.184631288
909	0.185185611
910	0.184956938
911	0.184594259
912	0.184936613
913	0.184885427
914	0.185078964
915	0.185726508
916	0.184909314
917	0.184746489
918	0.18496643
919	0.184469908
920	0.184722409
921	0.185097992
922	0.185108215
923	0.185191408
924	0.184938326
925	0.184329093
926	0.184568092
927	0.184745952
928	0.184736237
929	0.184118837
930	0.183984533
931	0.184084818
932	0.184359878
933	0.184961841
934	0.185404763
935	0.185560286
936	0.184516326
937	0.184652343
938	0.185097337
939	0.184660599
940	0.184313089
941	0.184435159
942	0.185224965
943	0.184926763
944	0.185038865
945	0.185369581
946	0.184925258
947	0.184662193
948	0.184721828
949	0.185380876
950	0.18507649
951	0.184735939
952	0.184501886
953	0.18388252
954	0.183858901
955	0.184289724
956	0.184986293
957	0.18543537
958	0.185267419
959	0.184066862
960	0.184218228
961	0.184948489
962	0.18600741
963	0.185394734
964	0.184868321
965	0.184487909
966	0.184439451
967	0.184375867
968	0.184628144
969	0.185375005
970	0.184041038
971	0.183740243
972	0.184298038
973	0.184473947
974	0.184829801
975	0.185173765
976	0.185289845
977	0.184998944
978	0.184336871
979	0.183315113
980	0.183934227
981	0.18442902
982	0.18460767
983	0.183710486
984	0.184715375
985	0.185521454
986	0.184677079
987	0.184502006
988	0.184197083
989	0.183765203
990	0.184404075
991	0.184878424
992	0.18571119
993	0.18809405
994	0.187896743
995	0.186782882
996	0.185202271
997	0.185388207
998	0.185475349
999	0.185238495
1000	0.183606803
1001	0.159198269
1002	0.158959448
1003	0.159254164
1004	0.159175873
1005	0.159420729
1006	0.159821764
1007	0.160090446
1008	0.160185307
1009	0.159794748
1010	0.159530655
1011	0.160127223
1012	0.160880327
1013	0.161212653
1014	0.161688089
1015	0.162471712
1016	0.162553623
1017	0.161632508
1018	0.16064015
1019	0.160461143
1020	0.160356507
1021	0.160042763
1022	0.160976231
1023	0.162332207
1024	0.162418142
1025	0.16242674
1026	0.162960678
1027	0.162628695
1028	0.162064746
1029	0.162582457
1030	0.162272707
1031	0.162018627
1032	0.162791744
1033	0.162682623
1034	0.1621463
1035	0.162967891
1036	0.164303392
1037	0.164377719
1038	0.163773268
1039	0.163451836
1040	0.163507089
1041	0.16464366
1042	0.16575864
1043	0.165649921
1044	0.164869368
1045	0.164732173
1046	0.165192544
1047	0.165052697
1048	0.164097831
1049	0.163239151
1050	0.162836075
1051	0.162716657
1052	0.163301796
1053	0.164718539
1054	0.165940762
1055	0.165901124
1056	0.165460885
1057	0.165294185
1058	0.164932787
1059	0.164338291
1060	0.164175302
1061	0.164668351
1062	0.164846182
1063	0.16465354
1064	0.164645061
1065	0.164752632
1066	0.164833918
1067	0.165199876
1068	0.165758476
1069	0.166269839
1070	0.16708149
1071	0.167539388
1072	0.166761249
1073	0.165722623
1074	0.165344715
1075	0.165102407
1076	0.164888859
1077	0.165374771
1078	0.166173384
1079	0.166762918
1080	0.166878894
1081	0.16650784
1082	0.166454375
1083	0.167172194
1084	0.167686254
1085	0.167611256
1086	0.167670637
1087	0.167643681
1088	0.166764826
1089	0.16641131
1090	0.167362899
1091	0.167852372
1092	0.168181732
1093	0.168715313
1094	0.169194534
1095	0.169595256
1096	0.169755191
1097	0.169603184
1098	0.169021294
1099	0.168912679
1100	0.169579014
1101	0.170283556
1102	0.170282319
1103	0.169393912
1104	0.169354603
1105	0.170586497
1106	0.171509132
1107	0.17136611
1108	0.170991749
1109	0.170509025
1110	0.170108974
1111	0.169764817
1112	0.169429153
1113	0.17007786
1114	0.171015382
1115	0.171620145
1116	0.171798989
1117	0.171487853
1118	0.170820236
1119	0.170554772
1120	0.171267763
1121	0.171934426
1122	0.171875924
1123	0.17164661
1124	0.171656147
1125	0.171741515
1126	0.171957284
1127	0.17215775
1128	0.172549352
1129	0.172952697
1130	0.173376456
1131	0.173897877
1132	0.173663214
1133	0.172896013
1134	0.17292738
1135	0.173581123
1136	0.173889771
1137	0.173861846
1138	0.173808917
1139	0.173673257
1140	0.173521727
1141	0.173453629
1142	0.17344138
1143	0.174291924
1144	0.175158367
1145	0.174961045
1146	0.174665287
1147	0.174425036
1148	0.174163237
1149	0.174345538
1150	0.17476894
1151	0.174897
1152	0.174744427
1153	0.174957052
1154	0.17575857
1155	0.176323295
1156	0.176301792
1157	0.176255643
1158	0.175889626
1159	0.175537214
1160	0.176161081
1161	0.176775292
1162	0.176580325
1163	0.17628479
1164	0.176302239
1165	0.176410466
1166	0.176407754
1167	0.176383898
1168	0.176507965
1169	0.176695436
1170	0.17689611
1171	0.17714265
1172	0.177404225
1173	0.177698299
1174	0.177913725
1175	0.177990437
1176	0.178098187
1177	0.178235814
1178	0.17836307
1179	0.178870171
1180	0.179413602
1181	0.179588571
1182	0.179655686
1183	0.179676473
1184	0.179724604
1185	0.179839432
1186	0.179882541
1187	0.180065468
1188	0.180550247
1189	0.180823609
1190	0.180594727
1191	0.180474773
1192	0.180722401
1193	0.180943623
1194	0.18115744
1195	0.181356564
1196	0.181533322
1197	0.181716979
1198	0.181876585
1199	0.181967154
1200	0.181986481
1201	0.182027116
1202	0.181909397
1203	0.181677714
1204	0.18185699
1205	0.182516396
1206	0.183002725
1207	0.183109835
1208	0.183195978
1209	0.183055311
1210	0.182861328
1211	0.182995468
1212	0.183139339
1213	0.183181614
1214	0.183223918
1215	0.183394268
1216	0.183574185
1217	0.183804452
1218	0.184044674
1219	0.184184641
1220	0.184242874
1221	0.184226453
1222	0.184353113
1223	0.184546366
1224	0.184609383
1225	0.184635296
1226	0.184612513
1227	0.184606403
1228	0.184599206
1229	0.184624553
1230	0.18492873
1231	0.185233504
1232	0.185416549
1233	0.185578406
1234	0.18571648
1235	0.185835898
1236	0.185794979
1237	0.185745075
1238	0.185716674
1239	0.185635611
1240	0.185642719
1241	0.185847029
1242	0.186160564
1243	0.186356783
1244	0.186430901
1245	0.186404914
1246	0.186235473
1247	0.186090603
1248	0.18620047
1249	0.186441407
1250	0.186529949
1251	0.186676487
1252	0.186846867
1253	0.186827004
1254	0.186818287
1255	0.187091514
1256	0.187381491
1257	0.187423244
1258	0.187391356
1259	0.187418461
1260	0.18748638
1261	0.187555969
1262	0.187500432
1263	0.187535286
1264	0.187861621
1265	0.188031897
1266	0.188041776
1267	0.188162982
1268	0.188176736
1269	0.188133538
1270	0.18820481
1271	0.188308477
1272	0.188407555
1273	0.188520223
1274	0.188763574
1275	0.189006612
1276	0.188924462
1277	0.188701808
1278	0.188489601
1279	0.188367262
1280	0.188355148
1281	0.188403189
1282	0.188446805
1283	0.188397989
1284	0.188409165
1285	0.188510403
1286	0.188667551
1287	0.188778505
1288	0.188853815
1289	0.189032093
1290	0.189136758
1291	0.189076006
1292	0.189022601
1293	0.18908231
1294	0.189200595
1295	0.189098805
1296	0.188943461
1297	0.189164177
1298	0.189520702
1299	0.189668372
1300	0.189685032
1301	0.189645723
1302	0.189591482
1303	0.189581081
1304	0.189686254
1305	0.190054134
1306	0.190352395
1307	0.190232545
1308	0.190094516
1309	0.190176338
1310	0.190257907
1311	0.190378949
1312	0.190491706
1313	0.190507591
1314	0.190751672
1315	0.191089809
1316	0.191332087
1317	0.19139801
1318	0.191235274
1319	0.191213563
1320	0.191311076
1321	0.191304624
1322	0.191344664
1323	0.191495657
1324	0.191596121
1325	0.191605762
1326	0.191621289
1327	0.191744298
1328	0.191827521
1329	0.191669732
1330	0.191490382
1331	0.191499755
1332	0.191778824
1333	0.192198142
1334	0.192280591
1335	0.192308262
1336	0.192489237
1337	0.192326635
1338	0.192142412
1339	0.192185938
1340	0.192317069
1341	0.192608967
1342	0.192760214
1343	0.192574129
1344	0.192428693
1345	0.192431524
1346	0.19238244
1347	0.192242816
1348	0.192194328
1349	0.192501038
1350	0.192891285
1351	0.193068117
1352	0.193143904
1353	0.193152636
1354	0.193118811
1355	0.193415359
1356	0.193896472
1357	0.193854526
1358	0.193510234
1359	0.193484113
1360	0.193654522
1361	0.193591207
1362	0.193469271
1363	0.19342798
1364	0.193322882
1365	0.193358392
1366	0.193452954
1367	0.1933745
1368	0.193406612
1369	0.193492666
1370	0.193286195
1371	0.193029314
1372	0.192897946
1373	0.192839816
1374	0.192905515
1375	0.192826062
1376	0.192389175
1377	0.192063063
1378	0.192086592
1379	0.192089573
1380	0.191889703
1381	0.191614404
1382	0.191456005
1383	0.191424727
1384	0.191382334
1385	0.191364512
1386	0.191444427
1387	0.191489756
1388	0.191190854
1389	0.190645471
1390	0.190370142
1391	0.190416083
1392	0.190394402
1393	0.190271348
1394	0.190225735
1395	0.190296412
1396	0.190077856
1397	0.189328343
1398	0.188843399
1399	0.188951105
1400	0.188933998
1401	0.188563839
1402	0.188404486
1403	0.188552573
1404	0.188537464
1405	0.188138783
1406	0.187733635
1407	0.187685072
1408	0.187759951
1409	0.187680438
1410	0.187574536
1411	0.187649369
1412	0.187688932
1413	0.187647969
1414	0.187751904
1415	0.187834039
1416	0.187729493
1417	0.187622175
1418	0.187620685
1419	0.187881783
1420	0.188190073
1421	0.188351706
1422	0.188506991
1423	0.18869403
1424	0.188830018
1425	0.189068645
1426	0.189401478
1427	0.18955797
1428	0.189719021
1429	0.189916834
1430	0.19000794
1431	0.190224007
1432	0.190367192
1433	0.190316856
1434	0.190401122
1435	0.190473855
1436	0.190395638
1437	0.190413848
1438	0.190567181
1439	0.190760419
1440	0.19089745
1441	0.190903783
1442	0.190813452
1443	0.190837234
1444	0.191107631
1445	0.191380784
1446	0.191474244
1447	0.191503853
1448	0.191558555
1449	0.19161813
1450	0.191625625
1451	0.191638306
1452	0.191629723
1453	0.191652641
1454	0.191862777
1455	0.192028776
1456	0.191966474
1457	0.191960394
1458	0.191916049
1459	0.191758752
1460	0.192001715
1461	0.192228109
1462	0.192075804
1463	0.191944569
1464	0.191947803
1465	0.191994831
1466	0.192010909
1467	0.192119464
1468	0.192111418
1469	0.191889673
1470	0.191809863
1471	0.192094207
1472	0.192459598
1473	0.192486361
1474	0.192349568
1475	0.192272544
1476	0.192205206
1477	0.192129508
1478	0.192211032
1479	0.192399949
1480	0.192523763
1481	0.192719072
1482	0.192919016
1483	0.192971259
1484	0.19287163
1485	0.192676798
1486	0.192592219
1487	0.192584842
1488	0.192552269
1489	0.192531094
1490	0.192571163
1491	0.192822322
1492	0.193028942
1493	0.192940354
1494	0.192893475
1495	0.193074778
1496	0.193197876
1497	0.193109617
1498	0.193039194
1499	0.193179265
1500	0.19330819
1501	0.193220168
1502	0.193175346
1503	0.193119958
1504	0.192975044
1505	0.193094373
1506	0.193404481
1507	0.193417788
1508	0.19323577
1509	0.19334437
1510	0.193474516
1511	0.19334881
1512	0.193299547
1513	0.193326488
1514	0.19340989
1515	0.19365491
1516	0.193792775
1517	0.193799391
1518	0.193762869
1519	0.193517298
1520	0.193208233
1521	0.193236202
1522	0.193464532
1523	0.193666786
1524	0.193865463
1525	0.193739846
1526	0.193352282
1527	0.193310097
1528	0.19360657
1529	0.193624884
1530	0.193322644
1531	0.193306789
1532	0.193684325
1533	0.193908915
1534	0.193909183
1535	0.193963438
1536	0.194004804
1537	0.193992347
1538	0.193912983
1539	0.193827033
1540	0.193961933
1541	0.194177479
1542	0.194014683
1543	0.193758547
1544	0.193889394
1545	0.194023848
1546	0.19398509
1547	0.194056645
1548	0.193978727
1549	0.193785846
1550	0.193888888
1551	0.194119126
1552	0.194483772
1553	0.194691956
1554	0.19452396
1555	0.194449008
1556	0.194342598
1557	0.194177732
1558	0.194204718
1559	0.194277242
1560	0.194353536
1561	0.194415525
1562	0.194319367
1563	0.194256797
1564	0.194414273
1565	0.19450134
1566	0.194568843
1567	0.194780558
1568	0.195185244
1569	0.19548066
1570	0.195081234
1571	0.194595054
1572	0.194607243
1573	0.194788843
1574	0.194964349
1575	0.1950427
1576	0.195009425
1577	0.195005387
1578	0.195229113
1579	0.195506901
1580	0.195478231
1581	0.195326284
1582	0.195168421
1583	0.195048839
1584	0.194953918
1585	0.194916829
1586	0.195227623
1587	0.195524052
1588	0.195290416
1589	0.195001945
1590	0.195033535
1591	0.195082352
1592	0.195030257
1593	0.194961831
1594	0.195041582
1595	0.195226118
1596	0.195309803
1597	0.195351988
1598	0.195613459
1599	0.19581902
1600	0.1958514
1601	0.195933491
1602	0.195883915
1603	0.195836678
1604	0.195869923
1605	0.195842281
1606	0.195699915
1607	0.19556956
1608	0.195569545
1609	0.195611686
1610	0.195601523
1611	0.195574448
1612	0.195322782
1613	0.194974169
1614	0.195422664
1615	0.19606702
1616	0.196111962
1617	0.196058556
1618	0.195760787
1619	0.195402175
1620	0.195799604
1621	0.19634448
1622	0.196093157
1623	0.195725396
1624	0.195951641
1625	0.19621405
1626	0.195923597
1627	0.195615381
1628	0.195932597
1629	0.196265876
1630	0.196252748
1631	0.196227148
1632	0.196180239
1633	0.196160361
1634	0.196434945
1635	0.196731031
1636	0.196691468
1637	0.196613699
1638	0.196561053
1639	0.196499377
1640	0.196292862
1641	0.196052909
1642	0.196260467
1643	0.196540982
1644	0.196431622
1645	0.196300194
1646	0.196479931
1647	0.196640328
1648	0.196627319
1649	0.19659923
1650	0.196799874
1651	0.197075456
1652	0.196966708
1653	0.196768969
1654	0.196733952
1655	0.196744919
1656	0.196813077
1657	0.196884811
1658	0.196737096
1659	0.196591347
1660	0.196667135
1661	0.196711883
1662	0.196749195
1663	0.196781591
1664	0.196458086
1665	0.196158916
1666	0.196133643
1667	0.196130365
1668	0.196546406
1669	0.196909472
1670	0.196760327
1671	0.196693301
1672	0.197155535
1673	0.197543368
1674	0.197386399
1675	0.19722043
1676	0.197109804
1677	0.197063133
1678	0.197267815
1679	0.197376058
1680	0.197026327
1681	0.196725607
1682	0.196845099
1683	0.197001472
1684	0.196955726
1685	0.196964473
1686	0.197324947
1687	0.197568014
1688	0.197481781
1689	0.197390631
1690	0.19728297
1691	0.197292268
1692	0.197541252
1693	0.197669715
1694	0.197560415
1695	0.197636083
1696	0.19801718
1697	0.198127463
1698	0.197858274
1699	0.197833493
1700	0.198127836
1701	0.198151633
1702	0.197832689
1703	0.19770734
1704	0.197816581
1705	0.197860673
1706	0.197807997
1707	0.197786391
1708	0.197822809
1709	0.197561055
1710	0.197047114
1711	0.197201759
1712	0.197833806
1713	0.198009655
1714	0.197904885
1715	0.197915897
1716	0.197979093
1717	0.198043019
1718	0.198121145
1719	0.198287934
1720	0.198485211
1721	0.198550731
1722	0.19856441
1723	0.198370457
1724	0.198124796
1725	0.197799444
1726	0.19745253
1727	0.198206469
1728	0.199157774
1729	0.198520407
1730	0.197677389
1731	0.19832018
1732	0.19908604
1733	0.198549926
1734	0.197966397
1735	0.198085159
1736	0.19820416
1737	0.198306084
1738	0.19840084
1739	0.198406398
1740	0.198391229
1741	0.198246285
1742	0.198142707
1743	0.19824715
1744	0.198378161
1745	0.198610321
1746	0.198707968
1747	0.198381871
1748	0.198086008
1749	0.197876275
1750	0.197819307
1751	0.198077366
1752	0.198213592
1753	0.198127568
1754	0.197960764
1755	0.197688013
1756	0.197781637
1757	0.198307484
1758	0.198680222
1759	0.198906571
1760	0.198776469
1761	0.198348239
1762	0.198145702
1763	0.198115736
1764	0.198123589
1765	0.198132411
1766	0.198311716
1767	0.198563606
1768	0.198758379
1769	0.198936939
1770	0.198927104
1771	0.19887805
1772	0.198681444
1773	0.198437348
1774	0.198771939
1775	0.199191228
1776	0.198861867
1777	0.198509499
1778	0.198639333
1779	0.198772505
1780	0.198816329
1781	0.198886812
1782	0.199189678
1783	0.199356914
1784	0.198843449
1785	0.198411301
1786	0.198239729
1787	0.198221192
1788	0.198669374
1789	0.198994815
1790	0.199023217
1791	0.198975682
1792	0.198812664
1793	0.198637322
1794	0.198455065
1795	0.198318571
1796	0.198251963
1797	0.198426306
1798	0.198767379
1799	0.198748097
1800	0.198505417
1801	0.19408229
1802	0.196576625
1803	0.19820717
1804	0.197802365
1805	0.196718127
1806	0.195996523
1807	0.19555977
1808	0.196004555
1809	0.196757063
1810	0.198487997
1811	0.200166747
1812	0.200886071
1813	0.200032428
1814	0.198783994
1815	0.19720912
1816	0.195798472
1817	0.195349216
1818	0.195044994
1819	0.194600001
1820	0.194334015
1821	0.195528388
1822	0.197505772
1823	0.198600039
1824	0.198422015
1825	0.198377579
1826	0.199863926
1827	0.201514944
1828	0.201532453
1829	0.199853793
1830	0.198255271
1831	0.198347479
1832	0.198716566
1833	0.198953569
1834	0.198947445
1835	0.198853359
1836	0.198728859
1837	0.198191047
1838	0.197890252
1839	0.19792369
1840	0.198074326
1841	0.198190674
1842	0.19815214
1843	0.198224515
1844	0.197440699
1845	0.19624427
1846	0.196001649
1847	0.196930215
1848	0.197531626
1849	0.196649611
1850	0.195772395
1851	0.196473643
1852	0.197303399
1853	0.198163554
1854	0.19902271
1855	0.199247926
1856	0.198526785
1857	0.197767228
1858	0.196842149
1859	0.195919111
1860	0.196889505
1861	0.19800064
1862	0.197705582
1863	0.19703944
1864	0.197349563
1865	0.19805409
1866	0.198135927
1867	0.197579861
1868	0.19702439
1869	0.196816772
1870	0.196366489
1871	0.196023092
1872	0.195479617
1873	0.195404872
1874	0.196923926
1875	0.198098376
1876	0.196477875
1877	0.194883049
1878	0.195016757
1879	0.195416391
1880	0.195579439
1881	0.196032822
1882	0.196031138
1883	0.194696441
1884	0.193529293
1885	0.192453459
1886	0.191249862
1887	0.190096512
1888	0.189374909
1889	0.189340726
1890	0.18901284
1891	0.188808501
1892	0.188731357
1893	0.188165039
1894	0.187113807
1895	0.186166555
1896	0.184855923
1897	0.183171198
1898	0.182647079
1899	0.182978079
1900	0.183201522
1901	0.183040097
1902	0.182650611
1903	0.182126194
1904	0.181524694
1905	0.179999515
1906	0.178182557
1907	0.178279594
1908	0.179739863
1909	0.181299716
1910	0.181599408
1911	0.18136923
1912	0.182036564
1913	0.182412237
1914	0.181415424
1915	0.18034333
1916	0.180593386
1917	0.180787325
1918	0.181271225
1919	0.18139194
1920	0.180145547
1921	0.178687915
1922	0.177769408
1923	0.178813145
1924	0.180461884
1925	0.181344628
1926	0.181426674
1927	0.182090372
1928	0.183088586
1929	0.183350429
1930	0.183430374
1931	0.183257103
1932	0.182622612
1933	0.182700783
1934	0.183963731
1935	0.184937343
1936	0.184896246
1937	0.185746551
1938	0.186482862
1939	0.185440049
1940	0.185086101
1941	0.184977278
1942	0.184822485
1943	0.184816301
1944	0.184908316
1945	0.185031608
1946	0.185420096
1947	0.186346978
1948	0.187269658
1949	0.187159896
1950	0.186518326
1951	0.185896039
1952	0.185998723
1953	0.187216759
1954	0.188761905
1955	0.188941985
1956	0.187288776
1957	0.186322957
1958	0.187899664
1959	0.189615875
1960	0.190236211
1961	0.190931827
1962	0.191342026
1963	0.190667152
1964	0.189331204
1965	0.188805282
1966	0.190078869
1967	0.192132801
1968	0.192637399
1969	0.19228068
1970	0.192824051
1971	0.192145959
1972	0.190777794
1973	0.190004781
1974	0.189768061
1975	0.190087557
1976	0.190931931
1977	0.191590846
1978	0.191336721
1979	0.19023028
1980	0.190309584
1981	0.191579759
1982	0.192669749
1983	0.193598866
1984	0.193958625
1985	0.193806291
1986	0.193537533
1987	0.193615019
1988	0.193826571
1989	0.19392617
1990	0.194154799
1991	0.194355562
1992	0.194595307
1993	0.194980487
1994	0.195204884
1995	0.195481628
1996	0.195803523
1997	0.19616057
1998	0.196677133
1999	0.197132081
2000	0.196970299
2001	0.195963115
2002	0.194001302
2003	0.193900868
2004	0.196614712
2005	0.198256478
2006	0.198247284
2007	0.197921738
2008	0.19653672
2009	0.194517419
2010	0.194402829
2011	0.196182758
2012	0.198908955
2013	0.200730368
2014	0.201308519
2015	0.200048953
2016	0.198587641
2017	0.1970689
2018	0.195793033
2019	0.19658792
2020	0.198634923
2021	0.200699717
2022	0.202135652
2023	0.201893434
2024	0.200434342
2025	0.200042084
2026	0.200279504
2027	0.200047359
2028	0.199683696
2029	0.199478403
2030	0.19951342
2031	0.199738681
2032	0.200875327
2033	0.20227915
2034	0.202855036
2035	0.203066573
2036	0.202495113
2037	0.201965451
2038	0.202067539
2039	0.203227609
2040	0.20415552
2041	0.203529164
2042	0.202387765
2043	0.200634599
2044	0.198833197
2045	0.198553547
2046	0.198787585
2047	0.199435353
2048	0.200281829
2049	0.200978398
2050	0.2020742
2051	0.202754959
2052	0.202781796
2053	0.2027895
2054	0.202453479
2055	0.20195888
2056	0.200943679
2057	0.19949998
2058	0.19988513
2059	0.201620907
2060	0.202468351
2061	0.202299565
2062	0.201587886
2063	0.201419652
2064	0.201743171
2065	0.202442348
2066	0.202969283
2067	0.202300027
2068	0.201216832
2069	0.199902385
2070	0.198485225
2071	0.198619217
2072	0.200109705
2073	0.201028004
2074	0.201561704
2075	0.202891305
2076	0.20447813
2077	0.205706984
2078	0.205379069
2079	0.204517707
2080	0.203415394
2081	0.202698946
2082	0.202086568
2083	0.200813994
2084	0.200652152
2085	0.201564267
2086	0.202036321
2087	0.202657476
2088	0.20346123
2089	0.205353037
2090	0.206904799
2091	0.206320554
2092	0.205674753
2093	0.204800814
2094	0.204005212
2095	0.206330642
2096	0.209529743
2097	0.20915243
2098	0.208183914
2099	0.207299098
2100	0.206393957
2101	0.206148714
2102	0.205906615
2103	0.205233857
2104	0.204572871
2105	0.204367474
2106	0.205627665
2107	0.206849575
2108	0.206670001
2109	0.206233367
2110	0.205594495
2111	0.20426631
2112	0.203862771
2113	0.203999683
2114	0.204264
2115	0.206205428
2116	0.207541019
2117	0.206507012
2118	0.205799386
2119	0.205803886
2120	0.205794424
2121	0.205763534
2122	0.205908462
2123	0.206985265
2124	0.208185285
2125	0.209431276
2126	0.210780188
2127	0.209735975
2128	0.207341313
2129	0.206653133
2130	0.206592411
2131	0.206421778
2132	0.207607299
2133	0.20861803
2134	0.209422663
2135	0.210060775
2136	0.210251853
2137	0.210300982
2138	0.208759919
2139	0.206679583
2140	0.206560135
2141	0.207371473
2142	0.207610756
2143	0.205858663
2144	0.205603004
2145	0.207751006
2146	0.208344027
2147	0.208683521
2148	0.209490642
2149	0.209273428
2150	0.208811477
2151	0.208062261
2152	0.206901759
2153	0.204622597
2154	0.2026373
2155	0.203541443
2156	0.20491533
2157	0.20631063
2158	0.208066776
2159	0.209020644
2160	0.208800018
2161	0.207375914
2162	0.204732135
2163	0.202890813
2164	0.203767836
2165	0.204966977
2166	0.204334959
2167	0.202991337
2168	0.201728582
2169	0.200753197
2170	0.20067735
2171	0.20132561
2172	0.202657342
2173	0.204364389
2174	0.207344562
2175	0.210108086
2176	0.210968331
2177	0.20914045
2178	0.206775919
2179	0.204434708
2180	0.201280773
2181	0.19809556
2182	0.196425155
2183	0.196983755
2184	0.197468832
2185	0.198747873
2186	0.2006163
2187	0.202112585
2188	0.203239456
2189	0.203823164
2190	0.203958139
2191	0.202243581
2192	0.200356454
2193	0.199447349
2194	0.199188873
2195	0.199602723
2196	0.200092524
2197	0.200069979
2198	0.199781612
2199	0.199230909
2200	0.197014779
2201	0.194630221
2202	0.193858325
2203	0.193935141
2204	0.19487226
2205	0.19591777
2206	0.196648285
2207	0.196836233
2208	0.197057843
2209	0.198082983
2210	0.199445993
2211	0.200626954
2212	0.200504839
2213	0.199397773
2214	0.19833079
2215	0.199070871
2216	0.200671524
2217	0.200234726
2218	0.19897534
2219	0.19705312
2220	0.195718139
2221	0.197263837
2222	0.199396357
2223	0.200484559
2224	0.201341391
2225	0.2008522
2226	0.198813453
2227	0.197501361
2228	0.197129786
2229	0.195841312
2230	0.197055548
2231	0.199348435
2232	0.199743897
2233	0.200604334
2234	0.199682772
2235	0.198138297
2236	0.199660823
2237	0.201092929
2238	0.200191632
2239	0.199580878
2240	0.198767588
2241	0.197266236
2242	0.196664974
2243	0.19648996
2244	0.194991991
2245	0.193432733
2246	0.193225071
2247	0.192932799
2248	0.193646714
2249	0.196283564
2250	0.198086739
2251	0.198911831
2252	0.199676424
2253	0.201554373
2254	0.2041547
2255	0.203784883
2256	0.203486532
2257	0.202974051
2258	0.20097968
2259	0.201197535
2260	0.201703846
2261	0.201456383
2262	0.202764869
2263	0.205919728
2264	0.207908392
2265	0.205879003
2266	0.202641875
2267	0.201724365
2268	0.201843604
2269	0.200469449
2270	0.1993898
2271	0.199937358
2272	0.199997097
2273	0.200559244
2274	0.200835645
2275	0.199162975
2276	0.196961358
2277	0.19441399
2278	0.192919448
2279	0.193858221
2280	0.196718574
2281	0.197345018
2282	0.197929099
2283	0.201382011
2284	0.203473613
2285	0.203841686
2286	0.204185337
2287	0.203635633
2288	0.202476144
2289	0.201379865
2290	0.198549286
2291	0.194719762
2292	0.192894846
2293	0.193736047
2294	0.196316451
2295	0.198464796
2296	0.199471295
2297	0.20071432
2298	0.201458037
2299	0.201371431
2300	0.199077845
2301	0.194506019
2302	0.192365721
2303	0.192412287
2304	0.194052726
2305	0.198703483
2306	0.202024296
2307	0.200939387
2308	0.199997321
2309	0.200516343
2310	0.202302963
2311	0.204489082
2312	0.205554828
2313	0.205400005
2314	0.204032481
2315	0.202859297
2316	0.201413661
2317	0.198409677
2318	0.196308181
2319	0.197590902
2320	0.200881943
2321	0.202641234
2322	0.203456089
2323	0.205579489
2324	0.2070795
2325	0.208118811
2326	0.209091097
2327	0.205437899
2328	0.20056507
2329	0.19997637
2330	0.200651899
2331	0.20187062
2332	0.201419204
2333	0.20017691
2334	0.20216395
2335	0.20149821
2336	0.200049043
2337	0.201321423
2338	0.200023547
2339	0.201025829
2340	0.201196969
2341	0.200353876
2342	0.201388553
2343	0.200673476
2344	0.205164447
2345	0.210137621
2346	0.208574787
2347	0.204705492
2348	0.199952319
2349	0.1945903
2350	0.192848668
2351	0.193940938
2352	0.194513157
2353	0.195790082
2354	0.195777327
2355	0.194317386
2356	0.194972143
2357	0.196126893
2358	0.194602773
2359	0.189964205
2360	0.185796514
2361	0.186941817
2362	0.192292556
2363	0.200419798
2364	0.206525549
2365	0.204114467
2366	0.198520407
2367	0.194850698
2368	0.193297878
2369	0.195176318
2370	0.196048886
2371	0.19535999
2372	0.195538118
2373	0.194339663
2374	0.194145203
2375	0.196177244
2376	0.198350474
2377	0.200570479
2378	0.202090517
2379	0.202655762
2380	0.197788745
2381	0.188806042
2382	0.185143918
2383	0.187307045
2384	0.190053627
2385	0.193663821
2386	0.197882116
2387	0.195840716
2388	0.188549474
2389	0.184204221
2390	0.183313832
2391	0.185407385
2392	0.187374935
2393	0.186981305
2394	0.18377836
2395	0.179983065
2396	0.183386207
2397	0.186043754
2398	0.184660092
2399	0.18551138
2400	0.187451631
2401	0.185190499
2402	0.185871825
2403	0.190654829
2404	0.192219332
2405	0.192529231
2406	0.184822738
2407	0.180561513
2408	0.185688749
2409	0.190338567
2410	0.199966609
2411	0.206348941
2412	0.200128138
2413	0.190641329
2414	0.18782036
2415	0.18847993
2416	0.187070087
2417	0.188551277
2418	0.19625473
2419	0.19923079
2420	0.189363226
2421	0.182593241
2422	0.178370655
2423	0.170473039
2424	0.178256154
2425	0.189773351
2426	0.191340074
2427	0.193766922
2428	0.189949378
2429	0.181918293
2430	0.178694963
2431	0.180051193
2432	0.187528327
2433	0.192759827
2434	0.190289661
2435	0.187535539
2436	0.186943188
2437	0.186162561
2438	0.18463552
2439	0.183796555
2440	0.183235228
2441	0.181964502
2442	0.179027036
2443	0.177653819
2444	0.181125492
2445	0.181900859
2446	0.179343224
2447	0.181907564
2448	0.189882651
2449	0.195061982
2450	0.198995233
2451	0.198110014
2452	0.184055626
2453	0.174136162
2454	0.17026566
2455	0.170769081
2456	0.17870827
2457	0.181634575
2458	0.185501963
2459	0.185122311
2460	0.170756429
2461	0.163132057
2462	0.166862622
2463	0.172163576
2464	0.172768578
2465	0.169414803
2466	0.170433819
2467	0.175568253
2468	0.18047291
2469	0.177528262
2470	0.166241512
2471	0.15829882
2472	0.161203831
2473	0.170363024
2474	0.175604478
2475	0.177470207
2476	0.183863729
2477	0.186012208
2478	0.166010544
2479	0.142170176
2480	0.131767005
2481	0.136472523
2482	0.160595939
2483	0.177130356
2484	0.171528712
2485	0.169619083
2486	0.17690064
2487	0.176466957
2488	0.173112497
2489	0.167375535
2490	0.143853724
2491	0.127046108
2492	0.129462406
2493	0.131857619
2494	0.145521656
2495	0.1612086
2496	0.151688904
2497	0.144163758
2498	0.171544522
2499	0.187141046
2500	0.176962122
